radius cross
0.0 0
0.1 0
0.2 0
0.30000000000000004 0
0.4 0
0.5 0
0.6000000000000001 0
0.7000000000000001 0
0.8 0
0.9 0
1.0 0
1.1 0
1.2000000000000002 0
1.3 0
1.4000000000000001 0
1.5 0
1.6 0
1.7000000000000002 0
1.8 0
1.9000000000000001 0
2.0 0
2.1 0
2.2 0
2.3000000000000003 0
2.4000000000000004 0
2.5 0
2.6 0
2.7 0
2.8000000000000003 0
2.9000000000000004 0
3.0 0
3.1 0
3.2 0
3.3000000000000003 0
3.4000000000000004 0
3.5 0
3.6 0
3.7 0
3.8000000000000003 0
3.9000000000000004 0
4.0 0
4.1000000000000005 0
4.2 0
4.3 0
4.4 0
4.5 0
4.6000000000000005 0
4.7 0
4.800000000000001 0
4.9 0
5.0 0
5.1000000000000005 0
5.2 0
5.300000000000001 0
5.4 0
5.5 0
5.6000000000000005 0
5.7 0
5.800000000000001 0
5.9 0
6.0 0
6.1000000000000005 0
6.2 0
6.300000000000001 0
6.4 0
6.5 0
6.6000000000000005 0
6.7 0
6.800000000000001 0
6.9 0
7.0 0
7.1000000000000005 0
7.2 0
7.300000000000001 0
7.4 0
7.5 0
7.6000000000000005 0
7.7 0
7.800000000000001 0
7.9 0
8.0 0
8.1 0
8.200000000000001 0
8.3 0
8.4 0
8.5 0
8.6 0
8.700000000000001 0
8.8 0
8.9 0
9.0 0
9.1 0
9.200000000000001 0
9.3 0
9.4 0
9.5 0
9.600000000000001 0
9.700000000000001 0
9.8 0
9.9 0
10.0 0
10.100000000000001 0
10.200000000000001 0
10.3 0
10.4 0
10.5 0
10.600000000000001 0
10.700000000000001 0
10.8 0
10.9 0
11.0 0
11.100000000000001 0
11.200000000000001 0
11.3 0
11.4 0
11.5 0
11.600000000000001 0
11.700000000000001 0
11.8 0
11.9 0
12.0 0
12.100000000000001 0
12.200000000000001 0
12.3 0
12.4 0
12.5 0
12.600000000000001 0
12.700000000000001 0
12.8 0
12.9 0
13.0 0
13.100000000000001 0
13.200000000000001 0
13.3 0
13.4 0
13.5 0
13.600000000000001 0
13.700000000000001 0
13.8 0
13.9 0
14.0 0
14.100000000000001 0
14.200000000000001 0
14.3 0
14.4 0
14.5 0
14.600000000000001 0
14.700000000000001 0
14.8 0
14.9 0
15.0 0
15.100000000000001 0
15.200000000000001 0
15.3 0
15.4 0
15.5 0
15.600000000000001 0
15.700000000000001 0
15.8 0
15.9 0
16.0 0
16.1 0
16.2 0
16.3 0
16.400000000000002 0
16.5 0
16.6 0
16.7 0
16.8 0
16.900000000000002 0
17.0 0
17.1 0
17.2 0
17.3 0
17.400000000000002 0
17.5 0
17.6 0
17.7 0
17.8 0
17.900000000000002 0
18.0 0
18.1 0
18.2 0
18.3 0
18.400000000000002 0
18.5 0
18.6 0
18.7 0
18.8 0
18.900000000000002 0
19.0 0
19.1 0
19.200000000000003 0
19.3 0
19.400000000000002 0
19.5 0
19.6 0
19.700000000000003 0
19.8 0
19.900000000000002 0
20.0 0
20.1 0
20.200000000000003 0
20.3 0
20.400000000000002 0
20.5 0
20.6 0
20.700000000000003 0
20.8 0
20.900000000000002 0
21.0 0
21.1 0
21.200000000000003 0
21.3 0
21.400000000000002 0
21.5 0
21.6 0
21.700000000000003 0
21.8 0
21.900000000000002 0
22.0 0
22.1 0
22.200000000000003 0
22.3 0
22.400000000000002 0
22.5 0
22.6 0
22.700000000000003 0
22.8 0
22.900000000000002 0
23.0 0
23.1 0
23.200000000000003 0
23.3 0
23.400000000000002 0
23.5 0
23.6 0
23.700000000000003 0
23.8 0
23.900000000000002 0
24.0 0
24.1 0
24.200000000000003 0
24.3 0
24.400000000000002 0
24.5 0
24.6 0
24.700000000000003 0
24.8 0
24.900000000000002 0
25.0 0
25.1 0
25.200000000000003 0
25.3 0
25.400000000000002 0
25.5 0
25.6 0
25.700000000000003 0
25.8 0
25.900000000000002 0
26.0 0
26.1 0
26.200000000000003 0
26.3 0
26.400000000000002 0
26.5 0
26.6 0
26.700000000000003 0
26.8 0
26.900000000000002 0
27.0 0
27.1 0
27.200000000000003 0
27.3 0
27.400000000000002 0
27.5 0
27.6 0
27.700000000000003 0
27.8 0
27.900000000000002 0
28.0 0
28.1 0
28.200000000000003 0
28.3 0
28.400000000000002 0
28.5 0
28.6 0
28.700000000000003 0
28.8 0
28.900000000000002 0
29.0 0
29.1 0
29.200000000000003 0
29.3 0
29.400000000000002 0
29.5 0
29.6 0
29.700000000000003 0
29.8 0
29.900000000000002 0
30.0 0
30.1 0
30.200000000000003 0
30.3 0
30.400000000000002 0
30.5 0
30.6 0
30.700000000000003 0
30.8 0
30.900000000000002 0
31.0 0
31.1 0
31.200000000000003 0
31.3 0
31.400000000000002 0
31.5 0
31.6 0
31.700000000000003 0
31.8 0
31.900000000000002 0
32.0 0
32.1 0
32.2 0
32.300000000000004 0
32.4 0
32.5 0
32.6 0
32.7 0
32.800000000000004 0
32.9 0
33.0 0
33.1 0
33.2 0
33.300000000000004 0
33.4 0
33.5 0
33.6 0
33.7 0
33.800000000000004 0
33.9 0
34.0 0
34.1 0
34.2 0
34.300000000000004 0
34.4 0
34.5 0
34.6 0
34.7 0
34.800000000000004 0
34.9 0
35.0 0
35.1 0
35.2 0
35.300000000000004 0
35.4 0
35.5 0
35.6 0
35.7 0
35.800000000000004 0
35.9 0
36.0 0
36.1 0
36.2 0
36.300000000000004 0
36.4 0
36.5 0
36.6 0
36.7 0
36.800000000000004 0
36.9 0
37.0 0
37.1 0
37.2 0
37.300000000000004 0
37.4 0
37.5 0
37.6 0
37.7 0
37.800000000000004 0
37.9 0
38.0 0
38.1 0
38.2 0
38.300000000000004 0
38.400000000000006 0
38.5 0
38.6 0
38.7 0
38.800000000000004 0
38.900000000000006 0
39.0 0
39.1 0
39.2 0
39.300000000000004 0
39.400000000000006 0
39.5 0
39.6 0
39.7 0
39.800000000000004 0
39.900000000000006 0
40.0 0
40.1 0
40.2 0
40.300000000000004 0
40.400000000000006 0
40.5 0
40.6 0
40.7 0
40.800000000000004 0
40.900000000000006 0
41.0 0
41.1 0
41.2 0
41.300000000000004 0
41.400000000000006 0
41.5 0
41.6 0
41.7 0
41.800000000000004 0
41.900000000000006 0
42.0 0
42.1 0
42.2 0
42.300000000000004 0
42.400000000000006 0
42.5 0
42.6 0
42.7 0
42.800000000000004 0
42.900000000000006 0
43.0 0
43.1 0
43.2 0
43.300000000000004 0
43.400000000000006 0
43.5 0
43.6 0
43.7 0
43.800000000000004 0
43.900000000000006 0
44.0 0
44.1 0
44.2 0
44.300000000000004 0
44.400000000000006 0
44.5 0
44.6 0
44.7 0
44.800000000000004 0
44.900000000000006 0
45.0 0
45.1 0
45.2 0
45.300000000000004 0
45.400000000000006 0
45.5 0
45.6 0
45.7 0
45.800000000000004 0
45.900000000000006 0
46.0 0
46.1 0
46.2 0
46.300000000000004 0
46.400000000000006 0
46.5 0
46.6 0
46.7 0
46.800000000000004 0
46.900000000000006 0
47.0 0
47.1 0
47.2 0
47.300000000000004 0
47.400000000000006 0
47.5 0
47.6 0
47.7 0
47.800000000000004 0
47.900000000000006 0
48.0 0
48.1 0
48.2 0
48.300000000000004 0
48.400000000000006 0
48.5 0
48.6 0
48.7 0
48.800000000000004 0
48.900000000000006 0
49.0 0
49.1 0
49.2 0
49.300000000000004 0
49.400000000000006 0
49.5 0
49.6 0
49.7 0
49.800000000000004 0
49.900000000000006 0
50.0 0
50.1 0
50.2 0
50.300000000000004 0
50.400000000000006 0
50.5 0
50.6 0
50.7 0
50.800000000000004 0
50.900000000000006 0
51.0 0
51.1 0
51.2 0
51.300000000000004 0
51.400000000000006 0
51.5 0
51.6 0
51.7 0
51.800000000000004 0
51.900000000000006 0
52.0 0
52.1 0
52.2 0
52.300000000000004 0
52.400000000000006 0
52.5 0
52.6 0
52.7 0
52.800000000000004 0
52.900000000000006 0
53.0 0
53.1 0
53.2 0
53.300000000000004 0
53.400000000000006 0
53.5 0
53.6 0
53.7 0
53.800000000000004 0
53.900000000000006 0
54.0 0
54.1 0
54.2 0
54.300000000000004 0
54.400000000000006 0
54.5 0
54.6 0
54.7 0
54.800000000000004 0
54.900000000000006 0
55.0 0
55.1 0
55.2 0
55.300000000000004 0
55.400000000000006 0
55.5 0
55.6 0
55.7 0
55.800000000000004 0
55.900000000000006 0
56.0 0
56.1 0
56.2 0
56.300000000000004 0
56.400000000000006 0
56.5 0
56.6 0
56.7 0
56.800000000000004 0
56.900000000000006 0
57.0 0
57.1 0
57.2 0
57.300000000000004 0
57.400000000000006 0
57.5 0
57.6 0
57.7 0
57.800000000000004 0
57.900000000000006 0
58.0 0
58.1 0
58.2 0
58.300000000000004 0
58.400000000000006 0
58.5 0
58.6 0
58.7 0
58.800000000000004 0
58.900000000000006 0
59.0 0
59.1 0
59.2 0
59.300000000000004 0
59.400000000000006 0
59.5 0
59.6 0
59.7 0
59.800000000000004 0
59.900000000000006 0
60.0 0
60.1 0
60.2 0
60.300000000000004 0
60.400000000000006 0
60.5 0
60.6 0
60.7 0
60.800000000000004 0
60.900000000000006 0
61.0 0
61.1 0
61.2 0
61.300000000000004 0
61.400000000000006 0
61.5 0
61.6 0
61.7 0
61.800000000000004 0
61.900000000000006 0
62.0 0
62.1 0
62.2 0
62.300000000000004 0
62.400000000000006 0
62.5 0
62.6 0
62.7 0
62.800000000000004 0
62.900000000000006 0
63.0 0
63.1 0
63.2 0
63.300000000000004 0
63.400000000000006 0
63.5 0
63.6 0
63.7 0
63.800000000000004 0
63.900000000000006 0
64.0 0
64.10000000000001 0
64.2 0
64.3 0
64.4 0
64.5 0
64.60000000000001 0
64.7 0
64.8 0
64.9 0
65.0 0
65.10000000000001 0
65.2 0
65.3 0
65.4 0
65.5 0
65.60000000000001 0
65.7 0
65.8 0
65.9 0
66.0 0
66.10000000000001 0
66.2 0
66.3 0
66.4 0
66.5 0
66.60000000000001 0
66.7 0
66.8 0
66.9 0
67.0 0
67.10000000000001 0
67.2 0
67.3 0
67.4 0
67.5 0
67.60000000000001 0
67.7 0
67.8 0
67.9 0
68.0 0
68.10000000000001 0
68.2 0
68.3 0
68.4 0
68.5 0
68.60000000000001 0
68.7 0
68.8 0
68.9 0
69.0 0
69.10000000000001 0
69.2 0
69.3 0
69.4 0
69.5 0
69.60000000000001 0
69.7 0
69.8 0
69.9 0
70.0 0
70.10000000000001 0
70.2 0
70.3 0
70.4 0
70.5 0
70.60000000000001 0
70.7 0
70.8 0
70.9 0
71.0 0
71.10000000000001 0
71.2 0
71.3 0
71.4 0
71.5 0
71.60000000000001 0
71.7 0
71.8 0
71.9 0
72.0 0
72.10000000000001 0
72.2 0
72.3 0
72.4 0
72.5 0
72.60000000000001 0
72.7 0
72.8 0
72.9 0
73.0 0
73.10000000000001 0
73.2 0
73.3 0
73.4 0
73.5 0
73.60000000000001 0
73.7 0
73.8 0
73.9 0
74.0 0
74.10000000000001 0
74.2 0
74.3 0
74.4 0
74.5 0
74.60000000000001 0
74.7 0
74.8 0
74.9 0
75.0 0
75.10000000000001 0
75.2 0
75.3 0
75.4 0
75.5 0
75.60000000000001 0
75.7 0
75.8 0
75.9 0
76.0 0
76.10000000000001 0
76.2 0
76.3 0
76.4 0
76.5 0
76.60000000000001 0
76.7 0
76.80000000000001 0
76.9 0
77.0 0
77.10000000000001 0
77.2 0
77.30000000000001 0
77.4 0
77.5 0
77.60000000000001 0
77.7 0
77.80000000000001 0
77.9 0
78.0 0
78.10000000000001 0
78.2 0
78.30000000000001 0
78.4 0
78.5 0
78.60000000000001 0
78.7 0
78.80000000000001 0
78.9 0
79.0 0
79.10000000000001 0
79.2 0
79.30000000000001 0
79.4 0
79.5 0
79.60000000000001 0
79.7 0
79.80000000000001 0
79.9 0
80.0 0
80.10000000000001 0
80.2 0
80.30000000000001 0
80.4 0
80.5 0
80.60000000000001 0
80.7 0
80.80000000000001 0
80.9 0
81.0 0
81.10000000000001 0
81.2 0
81.30000000000001 0
81.4 0
81.5 0
81.60000000000001 0
81.7 0
81.80000000000001 0
81.9 0
82.0 0
82.10000000000001 0
82.2 0
82.30000000000001 0
82.4 0
82.5 0
82.60000000000001 0
82.7 0
82.80000000000001 0
82.9 0
83.0 0
83.10000000000001 0
83.2 0
83.30000000000001 0
83.4 0
83.5 0
83.60000000000001 0
83.7 0
83.80000000000001 0
83.9 0
84.0 0
84.10000000000001 0
84.2 0
84.30000000000001 0
84.4 0
84.5 0
84.60000000000001 0
84.7 0
84.80000000000001 0
84.9 0
85.0 0
85.10000000000001 0
85.2 0
85.30000000000001 0
85.4 0
85.5 0
85.60000000000001 0
85.7 0
85.80000000000001 0
85.9 0
86.0 0
86.10000000000001 0
86.2 0
86.30000000000001 0
86.4 0
86.5 0
86.60000000000001 0
86.7 0
86.80000000000001 0
86.9 0
87.0 0
87.10000000000001 0
87.2 0
87.30000000000001 0
87.4 0
87.5 0
87.60000000000001 0
87.7 0
87.80000000000001 0
87.9 0
88.0 0
88.10000000000001 0
88.2 0
88.30000000000001 0
88.4 0
88.5 0
88.60000000000001 0
88.7 0
88.80000000000001 0
88.9 0
89.0 0
89.10000000000001 0
89.2 0
89.30000000000001 0
89.4 0
89.5 0
89.60000000000001 0
89.7 0
89.80000000000001 0
89.9 0
90.0 0
90.10000000000001 0
90.2 0
90.30000000000001 0
90.4 0
90.5 0
90.60000000000001 0
90.7 0
90.80000000000001 0
90.9 0
91.0 0
91.10000000000001 0
91.2 0
91.30000000000001 0
91.4 0
91.5 0
91.60000000000001 0
91.7 0
91.80000000000001 0
91.9 0
92.0 0
92.10000000000001 0
92.2 0
92.30000000000001 0
92.4 0
92.5 0
92.60000000000001 0
92.7 0
92.80000000000001 0
92.9 0
93.0 0
93.10000000000001 0
93.2 0
93.30000000000001 0
93.4 0
93.5 0
93.60000000000001 0
93.7 0
93.80000000000001 0
93.9 0
94.0 0
94.10000000000001 0
94.2 0
94.30000000000001 0
94.4 0
94.5 0
94.60000000000001 0
94.7 0
94.80000000000001 0
94.9 0
95.0 0
95.10000000000001 0
95.2 0
95.30000000000001 0
95.4 0
95.5 0
95.60000000000001 0
95.7 0
95.80000000000001 0
95.9 0
96.0 0
96.10000000000001 0
96.2 0
96.30000000000001 0
96.4 0
96.5 0
96.60000000000001 0
96.7 0
96.80000000000001 0
96.9 0
97.0 0
97.10000000000001 0
97.2 0
97.30000000000001 0
97.4 0
97.5 0
97.60000000000001 0
97.7 0
97.80000000000001 0
97.9 0
98.0 0
98.10000000000001 0
98.2 0
98.30000000000001 0
98.4 0
98.5 0
98.60000000000001 0
98.7 0
98.80000000000001 0
98.9 0
99.0 0
99.10000000000001 0
99.2 0
99.30000000000001 0
99.4 0
99.5 0
99.60000000000001 0
99.7 0
99.80000000000001 0
99.9 0
100.0 0
100.10000000000001 0
100.2 0
100.30000000000001 0
100.4 0
100.5 0
100.60000000000001 0
100.7 0
100.80000000000001 0
100.9 0
101.0 0
101.10000000000001 0
101.2 0
101.30000000000001 0
101.4 0
101.5 0
101.60000000000001 0
101.7 0
101.80000000000001 0
101.9 0
102.0 0
102.10000000000001 0
102.2 0
102.30000000000001 0
102.4 0
102.5 0
102.60000000000001 0
102.7 0
102.80000000000001 0
102.9 0
103.0 0
103.10000000000001 0
103.2 0
103.30000000000001 0
103.4 0
103.5 0
103.60000000000001 0
103.7 0
103.80000000000001 0
103.9 0
104.0 0
104.10000000000001 0
104.2 0
104.30000000000001 0
104.4 0
104.5 0
104.60000000000001 0
104.7 0
104.80000000000001 0
104.9 0
105.0 0
105.10000000000001 0
105.2 0
105.30000000000001 0
105.4 0
105.5 0
105.60000000000001 0
105.7 0
105.80000000000001 0
105.9 0
106.0 0
106.10000000000001 0
106.2 0
106.30000000000001 0
106.4 0
106.5 0
106.60000000000001 0
106.7 0
106.80000000000001 0
106.9 0
107.0 0
107.10000000000001 0
107.2 0
107.30000000000001 0
107.4 0
107.5 0
107.60000000000001 0
107.7 0
107.80000000000001 0
107.9 0
108.0 0
108.10000000000001 0
108.2 0
108.30000000000001 0
108.4 0
108.5 0
108.60000000000001 0
108.7 0
108.80000000000001 0
108.9 0
109.0 0
109.10000000000001 0
109.2 0
109.30000000000001 0
109.4 0
109.5 0
109.60000000000001 0
109.7 0
109.80000000000001 0
109.9 0
110.0 0
110.10000000000001 0
110.2 0
110.30000000000001 0
110.4 0
110.5 0
110.60000000000001 0
110.7 0
110.80000000000001 0
110.9 0
111.0 0
111.10000000000001 0
111.2 0
111.30000000000001 0
111.4 0
111.5 0
111.60000000000001 0
111.7 0
111.80000000000001 0
111.9 0
112.0 0
112.10000000000001 0
112.2 0
112.30000000000001 0
112.4 0
112.5 0
112.60000000000001 0
112.7 0
112.80000000000001 0
112.9 0
113.0 0
113.10000000000001 0
113.2 0
113.30000000000001 0
113.4 0
113.5 0
113.60000000000001 0
113.7 0
113.80000000000001 0
113.9 0
114.0 0
114.10000000000001 0
114.2 0
114.30000000000001 0
114.4 0
114.5 0
114.60000000000001 0
114.7 0
114.80000000000001 0
114.9 0
115.0 0
115.10000000000001 0
115.2 0
115.30000000000001 0
115.4 0
115.5 0
115.60000000000001 0
115.7 0
115.80000000000001 0
115.9 0
116.0 0
116.10000000000001 0
116.2 0
116.30000000000001 0
116.4 0
116.5 0
116.60000000000001 0
116.7 0
116.80000000000001 0
116.9 0
117.0 0
117.10000000000001 0
117.2 0
117.30000000000001 0
117.4 0
117.5 0
117.60000000000001 0
117.7 0
117.80000000000001 0
117.9 0
118.0 0
118.10000000000001 0
118.2 0
118.30000000000001 0
118.4 0
118.5 0
118.60000000000001 0
118.7 0
118.80000000000001 0
118.9 0
119.0 0
119.10000000000001 0
119.2 0
119.30000000000001 0
119.4 0
119.5 0
119.60000000000001 0
119.7 0
119.80000000000001 0
119.9 0
120.0 0
120.10000000000001 0
120.2 0
120.30000000000001 0
120.4 0
120.5 0
120.60000000000001 0
120.7 0
120.80000000000001 0
120.9 0
121.0 0
121.10000000000001 0
121.2 0
121.30000000000001 0
121.4 0
121.5 0
121.60000000000001 0
121.7 0
121.80000000000001 0
121.9 0
122.0 0
122.10000000000001 0
122.2 0
122.30000000000001 0
122.4 0
122.5 0
122.60000000000001 0
122.7 0
122.80000000000001 0
122.9 0
123.0 0
123.10000000000001 0
123.2 0
123.30000000000001 0
123.4 0
123.5 0
123.60000000000001 0
123.7 0
123.80000000000001 0
123.9 0
124.0 0
124.10000000000001 0
124.2 0
124.30000000000001 0
124.4 0
124.5 0
124.60000000000001 0
124.7 0
124.80000000000001 0
124.9 0
125.0 0
125.10000000000001 0
125.2 0
125.30000000000001 0
125.4 0
125.5 0
125.60000000000001 0
125.7 0
125.80000000000001 0
125.9 0
126.0 0
126.10000000000001 0
126.2 0
126.30000000000001 0
126.4 0
126.5 0
126.60000000000001 0
126.7 0
126.80000000000001 0
126.9 0
127.0 0
127.10000000000001 0
127.2 0
127.30000000000001 0
127.4 0
127.5 0
127.60000000000001 0
127.7 0
127.80000000000001 0
127.9 0
128.0 0
128.1 0
128.20000000000002 0
128.3 0
128.4 0
128.5 0
128.6 0
128.70000000000002 0
128.8 0
128.9 0
129.0 0
129.1 0
129.20000000000002 0
129.3 0
129.4 0
129.5 0
129.6 0
129.70000000000002 0
129.8 0
129.9 0
130.0 0
130.1 0
130.20000000000002 0
130.3 0
130.4 0
130.5 0
130.6 0
130.70000000000002 0
130.8 0
130.9 0
131.0 0
131.1 0
131.20000000000002 0
131.3 0
131.4 0
131.5 0
131.6 0
131.70000000000002 0
131.8 0
131.9 0
132.0 0
132.1 0
132.20000000000002 0
132.3 0
132.4 0
132.5 0
132.6 0
132.70000000000002 0
132.8 0
132.9 0
133.0 0
133.1 0
133.20000000000002 0
133.3 0
133.4 0
133.5 0
133.6 0
133.70000000000002 0
133.8 0
133.9 0
134.0 0
134.1 0
134.20000000000002 0
134.3 0
134.4 0
134.5 0
134.6 0
134.70000000000002 0
134.8 0
134.9 0
135.0 0
135.1 0
135.20000000000002 0
135.3 0
135.4 0
135.5 0
135.6 0
135.70000000000002 0
135.8 0
135.9 0
136.0 0
136.1 0
136.20000000000002 0
136.3 0
136.4 0
136.5 0
136.6 0
136.70000000000002 0
136.8 0
136.9 0
137.0 0
137.1 0
137.20000000000002 0
137.3 0
137.4 0
137.5 0
137.6 0
137.70000000000002 0
137.8 0
137.9 0
138.0 0
138.1 0
138.20000000000002 0
138.3 0
138.4 0
138.5 0
138.6 0
138.70000000000002 0
138.8 0
138.9 0
139.0 0
139.1 0
139.20000000000002 0
139.3 0
139.4 0
139.5 0
139.6 0
139.70000000000002 0
139.8 0
139.9 0
140.0 0
140.1 0
140.20000000000002 0
140.3 0
140.4 0
140.5 0
140.6 0
140.70000000000002 0
140.8 0
140.9 0
141.0 0
141.1 0
141.20000000000002 0
141.3 0
141.4 0
141.5 0
141.6 0
141.70000000000002 0
141.8 0
141.9 0
142.0 0
142.1 0
142.20000000000002 0
142.3 0
142.4 0
142.5 0
142.6 0
142.70000000000002 0
142.8 0
142.9 0
143.0 0
143.1 0
143.20000000000002 0
143.3 0
143.4 0
143.5 0
143.6 0
143.70000000000002 0
143.8 0
143.9 0
144.0 0
144.1 0
144.20000000000002 0
144.3 0
144.4 0
144.5 0
144.6 0
144.70000000000002 0
144.8 0
144.9 0
145.0 0
145.1 0
145.20000000000002 0
145.3 0
145.4 0
145.5 0
145.6 0
145.70000000000002 0
145.8 0
145.9 0
146.0 0
146.1 0
146.20000000000002 0
146.3 0
146.4 0
146.5 0
146.6 0
146.70000000000002 0
146.8 0
146.9 0
147.0 0
147.1 0
147.20000000000002 0
147.3 0
147.4 0
147.5 0
147.6 0
147.70000000000002 0
147.8 0
147.9 0
148.0 0
148.1 0
148.20000000000002 0
148.3 0
148.4 0
148.5 0
148.6 0
148.70000000000002 0
148.8 0
148.9 0
149.0 0
149.1 0
149.20000000000002 0
149.3 0
149.4 0
149.5 0
149.6 0
149.70000000000002 0
149.8 0
149.9 0
150.0 0
150.1 0
150.20000000000002 0
150.3 0
150.4 0
150.5 0
150.6 0
150.70000000000002 0
150.8 0
150.9 0
151.0 0
151.1 0
151.20000000000002 0
151.3 0
151.4 0
151.5 0
151.6 0
151.70000000000002 0
151.8 0
151.9 0
152.0 0
152.1 0
152.20000000000002 0
152.3 0
152.4 0
152.5 0
152.6 0
152.70000000000002 0
152.8 0
152.9 0
153.0 0
153.1 0
153.20000000000002 0
153.3 0
153.4 0
153.5 0
153.60000000000002 0
153.70000000000002 0
153.8 0
153.9 0
154.0 0
154.10000000000002 0
154.20000000000002 0
154.3 0
154.4 0
154.5 0
154.60000000000002 0
154.70000000000002 0
154.8 0
154.9 0
155.0 0
155.10000000000002 0
155.20000000000002 0
155.3 0
155.4 0
155.5 0
155.60000000000002 0
155.70000000000002 0
155.8 0
155.9 0
156.0 0
156.10000000000002 0
156.20000000000002 0
156.3 0
156.4 0
156.5 0
156.60000000000002 0
156.70000000000002 0
156.8 0
156.9 0
157.0 0
157.10000000000002 0
157.20000000000002 0
157.3 0
157.4 0
157.5 0
157.60000000000002 0
157.70000000000002 0
157.8 0
157.9 0
158.0 0
158.10000000000002 0
158.20000000000002 0
158.3 0
158.4 0
158.5 0
158.60000000000002 0
158.70000000000002 0
158.8 0
158.9 0
159.0 0
159.10000000000002 0
159.20000000000002 0
159.3 0
159.4 0
159.5 0
159.60000000000002 0
159.70000000000002 0
159.8 0
159.9 0
160.0 0
160.10000000000002 0
160.20000000000002 0
160.3 0
160.4 0
160.5 0
160.60000000000002 0
160.70000000000002 0
160.8 0
160.9 0
161.0 0
161.10000000000002 0
161.20000000000002 0
161.3 0
161.4 0
161.5 0
161.60000000000002 0
161.70000000000002 0
161.8 0
161.9 0
162.0 0
162.10000000000002 0
162.20000000000002 0
162.3 0
162.4 0
162.5 0
162.60000000000002 0
162.70000000000002 0
162.8 0
162.9 0
163.0 0
163.10000000000002 0
163.20000000000002 0
163.3 0
163.4 0
163.5 0
163.60000000000002 0
163.70000000000002 0
163.8 0
163.9 0
164.0 0
164.10000000000002 0
164.20000000000002 0
164.3 0
164.4 0
164.5 0
164.60000000000002 0
164.70000000000002 0
164.8 0
164.9 0
165.0 0
165.10000000000002 0
165.20000000000002 0
165.3 0
165.4 0
165.5 0
165.60000000000002 0
165.70000000000002 0
165.8 0
165.9 0
166.0 0
166.10000000000002 0
166.20000000000002 0
166.3 0
166.4 0
166.5 0
166.60000000000002 0
166.70000000000002 0
166.8 0
166.9 0
167.0 0
167.10000000000002 0
167.20000000000002 0
167.3 0
167.4 0
167.5 0
167.60000000000002 0
167.70000000000002 0
167.8 0
167.9 0
168.0 0
168.10000000000002 0
168.20000000000002 0
168.3 0
168.4 0
168.5 0
168.60000000000002 0
168.70000000000002 0
168.8 0
168.9 0
169.0 0
169.10000000000002 0
169.20000000000002 0
169.3 0
169.4 0
169.5 0
169.60000000000002 0
169.70000000000002 0
169.8 0
169.9 0
170.0 0
170.10000000000002 0
170.20000000000002 0
170.3 0
170.4 0
170.5 0
170.60000000000002 0
170.70000000000002 0
170.8 0
170.9 0
171.0 0
171.10000000000002 0
171.20000000000002 0
171.3 0
171.4 0
171.5 0
171.60000000000002 0
171.70000000000002 0
171.8 0
171.9 0
172.0 0
172.10000000000002 0
172.20000000000002 0
172.3 0
172.4 0
172.5 0
172.60000000000002 0
172.70000000000002 0
172.8 0
172.9 0
173.0 0
173.10000000000002 0
173.20000000000002 0
173.3 0
173.4 0
173.5 0
173.60000000000002 0
173.70000000000002 0
173.8 0
173.9 0
174.0 0
174.10000000000002 0
174.20000000000002 0
174.3 0
174.4 0
174.5 0
174.60000000000002 0
174.70000000000002 0
174.8 0
174.9 0
175.0 0
175.10000000000002 0
175.20000000000002 0
175.3 0
175.4 0
175.5 0
175.60000000000002 0
175.70000000000002 0
175.8 0
175.9 0
176.0 0
176.10000000000002 0
176.20000000000002 0
176.3 0
176.4 0
176.5 0
176.60000000000002 0
176.70000000000002 0
176.8 0
176.9 0
177.0 0
177.10000000000002 0
177.20000000000002 0
177.3 0
177.4 0
